date,tested,negative,positive,isol_in,isol_out,quar_in,quar_out,active_cases,current_quar
09/04/2020,327,300,27,27,0,35,0,27,35
09/11/2020,70,65,5,5,15,7,15,17,27
09/18/2020,68,61,7,7,3,18,12,21,33
09/25/2020,81,80,1,1,12,9,9,10,33
10/02/2020,77,65,12,12,3,12,20,19,25
10/09/2020,65,46,19,19,12,5,17,26,13
10/16/2020,72,57,15,15,17,15,8,24,20
10/23/2020,76,72,4,4,9,7,12,19,15
10/30/2020,66,60,6,6,8,22,5,17,32
11/06/2020,80,78,2,2,15,8,27,4,13
11/13/2020,250,243,7,7,3,12,10,8,15